The number of factories:
4

The total number of machines:
10

The number of workers:
6

The number of jobs:
200

Transfer time between different factories:
(Where rows denote factories: 1 to 4 and columns denote factories: 1 to 4.)
0	31	38	30
31	0	11	12
38	11	0	23
30	12	23	0

The energy consumption cost of machines in factory 1.
(Where columns denote machines: 1 to 2.)
1.1	2.6
The energy consumption cost of machines in factory 2.
(Where columns denote machines: 1 to 3.)
3.2	4.8	4.8
The energy consumption cost of machines in factory 3.
(Where columns denote machines: 1 to 1.)
2.9
The energy consumption cost of machines in factory 4.
(Where columns denote machines: 1 to 4.)
3.3	3	4.6	4.1

The processing time of jobs on different machines of factory 1.
(Where rows denote machines: 1 to 2 and columns denote jobs: 1 to 200.)
28	10	22	10	26	29	16	13	21	12	11	16	30	10	28	21	22	10	18	16	28	12	28	22	11	28	27	29	11	27	30	19	12	12	27	21	16	28	21	15	10	17	10	11	25	19	15	29	11	17	23	29	14	29	13	28	20	13	26	23	24	13	17	15	27	26	16	11	10	17	12	27	10	25	19	29	10	27	23	23	29	25	20	10	19	26	18	23	27	27	30	14	13	13	29	27	21	24	12	25	12	10	17	13	13	18	15	30	18	20	10	22	23	13	24	24	15	10	26	26	13	20	24	21	15	29	19	17	22	29	25	16	17	18	21	19	30	23	16	27	21	30	17	19	13	10	23	13	25	16	29	27	26	29	17	27	18	16	29	29	18	15	19	26	20	18	29	27	26	10	27	15	10	30	15	27	11	19	24	14	24	14	19	23	22	28	24	30	26	20	17	12	25	21	21	10	10	25	16	18
22	18	27	17	15	12	19	12	14	29	20	10	23	25	21	20	14	10	21	12	18	11	28	15	14	15	12	27	17	29	17	27	25	13	18	21	17	13	25	14	26	14	26	24	27	13	10	12	13	26	14	23	16	20	26	21	20	19	19	16	23	30	14	23	19	20	30	24	23	23	21	13	30	15	13	29	26	14	30	26	24	16	13	18	20	19	14	23	14	25	20	26	13	26	10	20	12	16	26	18	22	30	29	25	26	11	12	22	12	22	13	10	11	26	15	26	26	17	27	15	16	27	14	22	11	22	27	19	23	12	22	12	21	18	17	23	15	19	19	28	19	12	20	10	21	20	16	23	23	28	27	16	10	24	19	28	23	16	13	16	30	28	26	22	11	22	10	16	27	27	16	12	14	28	17	10	20	21	26	27	13	10	25	19	23	30	26	25	12	28	20	13	20	16	16	29	19	12	21	17
The processing time of jobs on different machines of factory 2.
(Where rows denote machines: 1 to 3 and columns denote jobs: 1 to 200.)
15	22	11	24	14	12	10	23	30	30	11	15	29	12	29	11	24	22	30	23	15	23	22	12	20	14	15	14	20	23	29	15	27	25	23	26	26	14	26	20	11	23	27	21	15	25	21	23	12	19	18	22	22	27	21	22	10	17	26	10	15	17	10	27	26	27	13	17	24	27	30	16	29	27	25	15	29	11	16	21	22	29	30	28	13	21	18	21	23	10	29	27	19	25	24	22	12	13	28	18	26	10	11	18	26	13	20	13	14	27	21	17	23	28	20	25	16	26	30	16	27	18	14	24	29	25	30	22	24	24	18	17	21	23	21	11	19	19	25	29	12	11	14	19	26	21	10	15	16	11	24	29	12	29	17	18	22	10	17	14	11	12	29	11	14	16	17	27	26	29	21	22	21	18	30	29	13	17	26	24	15	10	21	24	14	10	17	18	10	29	11	27	21	22	16	24	28	26	25	15
15	15	25	16	11	19	26	18	21	19	24	27	25	22	17	22	11	12	10	21	14	19	17	14	16	26	24	10	25	26	27	14	18	10	12	24	10	27	18	24	19	26	18	20	19	25	12	16	14	12	19	10	24	22	30	23	12	26	29	23	12	22	29	23	11	28	17	10	28	11	23	26	19	17	12	16	10	14	12	21	24	29	15	16	28	26	17	14	24	27	13	10	14	22	19	12	22	23	27	23	22	23	10	29	27	21	11	29	13	10	15	29	11	14	16	14	24	15	14	30	17	30	22	11	22	20	17	18	26	25	10	19	15	17	30	20	28	12	20	28	22	19	19	10	13	14	13	23	24	23	10	27	16	14	14	15	30	18	22	10	19	23	10	18	18	28	26	14	19	23	14	25	14	15	23	15	18	15	25	20	14	20	13	16	15	13	24	18	30	27	22	13	29	26	22	25	16	16	14	26
27	14	27	22	20	27	16	21	11	22	29	29	13	11	13	15	12	30	15	24	12	13	28	28	10	19	11	26	23	16	24	17	14	14	15	14	24	13	27	23	12	26	30	10	24	18	13	30	26	26	26	17	29	30	16	16	13	10	12	17	16	30	11	28	25	27	26	22	12	24	10	16	19	23	17	13	23	25	21	22	24	17	28	24	26	18	22	13	27	23	25	12	12	27	22	11	18	19	26	17	19	20	10	26	18	29	10	23	26	27	24	30	29	22	28	29	21	23	17	25	13	22	22	20	21	29	17	16	30	10	23	26	20	30	10	18	16	24	28	13	13	30	15	15	29	14	29	29	18	24	12	15	16	10	29	10	13	29	10	16	21	20	12	25	14	13	26	10	21	14	13	22	26	24	14	29	16	19	20	28	14	17	19	30	27	16	17	13	30	23	16	17	26	15	18	30	25	15	11	15
The processing time of jobs on different machines of factory 3.
(Where rows denote machines: 1 to 1 and columns denote jobs: 1 to 200.)
15	28	29	28	23	22	30	23	14	13	18	20	27	22	24	17	30	28	24	23	14	30	12	29	23	30	30	22	26	27	12	29	30	12	15	18	20	23	12	17	26	24	14	10	16	28	10	17	12	26	24	13	26	15	21	22	17	21	18	23	23	28	29	18	24	10	28	10	11	26	22	17	28	20	30	10	30	22	11	15	14	18	27	11	22	23	29	10	22	28	22	18	27	18	23	28	10	16	10	12	30	14	28	26	26	22	12	12	17	13	14	18	25	23	14	12	27	25	18	26	13	30	11	20	17	23	19	21	15	10	24	29	21	12	18	30	28	13	25	20	26	27	28	17	11	17	23	27	25	28	22	13	21	10	23	18	14	15	28	15	14	16	25	27	16	26	17	14	28	24	16	27	30	28	27	13	27	14	30	17	24	10	28	23	27	13	25	15	23	10	19	22	21	30	25	17	13	24	18	19
The processing time of jobs on different machines of factory 4.
(Where rows denote machines: 1 to 4 and columns denote jobs: 1 to 200.)
12	13	16	17	20	25	13	10	22	18	14	27	18	28	12	30	22	10	24	18	12	14	23	13	16	27	22	22	19	22	21	10	23	18	29	15	25	12	24	21	30	13	18	13	30	19	13	18	18	17	11	28	14	18	25	20	23	22	29	22	27	27	28	25	11	16	27	15	10	18	30	29	28	14	18	21	25	29	15	19	26	20	15	26	20	14	28	19	26	14	24	10	16	21	29	27	23	11	28	12	21	23	10	11	19	16	12	10	29	13	14	26	16	27	25	16	30	29	16	27	12	19	13	16	11	19	26	14	11	11	10	25	12	16	13	23	30	14	30	28	12	21	10	29	18	30	20	12	28	30	14	16	13	28	18	12	14	14	20	30	30	15	20	25	27	12	21	27	14	26	24	11	29	13	22	23	18	17	13	10	26	14	27	22	13	17	13	15	10	28	17	10	28	27	13	21	16	30	10	20
23	24	17	30	17	23	10	22	25	13	12	24	25	23	14	23	20	22	11	29	28	19	18	12	16	12	28	17	20	14	24	16	17	23	17	14	25	25	16	12	19	11	10	11	15	18	10	21	21	21	11	10	25	15	16	29	13	24	21	27	30	23	30	21	29	20	25	13	19	19	16	15	23	25	15	19	14	16	13	27	12	24	22	21	19	17	26	10	15	16	25	17	17	25	20	20	17	22	18	24	10	21	22	29	15	14	23	12	27	16	22	27	10	22	20	19	12	15	23	25	15	21	29	18	29	21	17	11	23	27	21	27	12	21	14	21	28	28	12	21	27	10	23	30	24	10	22	20	19	22	12	16	28	20	24	14	11	24	16	28	15	11	12	15	14	23	29	27	16	28	23	21	19	10	27	24	24	27	21	30	14	23	25	15	29	27	30	15	30	28	23	10	18	22	20	22	29	17	18	29
26	30	27	16	24	17	21	10	14	19	23	10	26	10	25	26	20	13	28	10	16	11	15	29	24	10	26	21	10	28	21	12	11	16	11	17	28	17	25	24	24	22	21	15	15	24	10	12	27	14	13	22	16	21	29	10	19	21	27	11	19	14	16	28	28	22	27	17	24	16	10	22	23	13	29	15	25	11	22	27	20	29	30	13	20	26	30	28	17	30	30	18	25	19	26	20	15	27	15	12	15	16	13	18	30	27	30	17	21	27	20	27	26	23	29	26	14	29	19	14	10	23	20	14	18	15	12	26	29	18	21	21	21	30	30	25	30	30	13	16	19	28	29	20	15	15	17	18	21	28	25	13	28	11	18	11	15	30	11	21	25	28	13	11	12	23	23	20	11	18	30	14	12	30	15	20	10	28	26	21	28	20	27	11	16	15	16	25	20	29	13	25	14	26	28	20	15	23	13	25
12	19	23	24	22	19	18	18	26	12	26	14	30	20	29	10	12	29	16	16	19	21	29	26	17	26	25	17	10	17	18	29	14	20	13	14	22	18	18	23	27	10	12	21	12	17	17	18	24	28	29	21	28	10	13	11	30	29	27	29	29	14	25	30	29	27	25	29	22	28	19	28	15	14	23	26	22	22	15	10	16	17	10	17	10	27	19	14	18	14	17	20	26	23	22	27	12	30	28	10	10	26	29	14	30	12	19	22	20	19	23	13	25	23	27	14	28	18	18	17	13	16	15	29	10	29	20	24	21	30	10	15	15	14	21	10	22	30	23	29	27	23	15	14	21	16	29	29	11	18	20	19	30	13	12	24	16	20	22	27	17	27	28	23	30	13	26	16	30	25	20	12	28	21	13	14	12	17	12	16	22	19	30	17	21	16	11	29	14	26	16	11	29	22	11	26	25	29	17	19

The basic maintenance time of machines in factory 1.
(Where columns denote machines: 1 to 2.)
32	32
The basic maintenance time of machines in factory 2.
(Where columns denote machines: 1 to 3.)
38	36	22
The basic maintenance time of machines in factory 3.
(Where columns denote machines: 1 to 1.)
36
The basic maintenance time of machines in factory 4.
(Where columns denote machines: 1 to 4.)
31	26	22	32

The deterioration rate of machines in factory 1.
(Where columns denote machines: 1 to 2.)
0.5	0.8
The deterioration rate of machines in factory 2.
(Where columns denote machines: 1 to 3.)
0.5	0.7	0.7
The deterioration rate of machines in factory 3.
(Where columns denote machines: 1 to 1.)
1
The deterioration rate of machines in factory 4.
(Where columns denote machines: 1 to 4.)
0.7	0.6	0.6	0.6

Maximum health value of machines in factory 1.
(Where columns denote machines: 1 to 2.)
30	45
Maximum health value of machines in factory 2.
(Where columns denote machines: 1 to 3.)
42	33	33
Maximum health value of machines in factory 3.
(Where columns denote machines: 1 to 1.)
39
Maximum health value of machines in factory 4.
(Where columns denote machines: 1 to 4.)
39	45	36	39

Maintenance efficiency of workers on machines of factory 1.
(Where rows denote workers: 1 to 6 and columns denote machines: 1 to 2.)
1.5	1.5
0.9	1.2
1	1.4
0.7	0.8
1.2	1.1
1.4	0.7
Maintenance efficiency of workers on machines of factory 2.
(Where rows denote workers: 1 to 6 and columns denote machines: 1 to 3.)
1	0.9	0.7
0.8	1.4	1.4
1	0.8	1.3
1.3	1.1	1.4
1.3	1	1.1
1	1	1.1
Maintenance efficiency of workers on machines of factory 3.
(Where rows denote workers: 1 to 6 and columns denote machines: 1 to 1.)
1.4
1.4
0.8
1.2
1
1.2
Maintenance efficiency of workers on machines of factory 4.
(Where rows denote workers: 1 to 6 and columns denote machines: 1 to 4.)
1.3	1.1	0.7	1.4
1.5	1.5	1.1	1.4
1.3	0.9	1.2	0.8
1.1	1.3	1.3	1.3
1.2	0.7	1.5	1.2
1.5	1.2	1.5	1.2

Unit salary of pay model 1.
(Where columns denote workers: 1 to 6.)
1.5	1.3	1.3	1.3	1.4	1.6
Unit salary of pay model 2.
(Where columns denote workers: 1 to 6.)
87	95	69	95	52	93

