The number of factories:
5

The total number of machines:
10

The number of workers:
6

The number of jobs:
250

Transfer time between different factories:
(Where rows denote factories: 1 to 5 and columns denote factories: 1 to 5.)
0	23	24	29	15
23	0	10	22	20
24	10	0	32	14
29	22	32	0	37
15	20	14	37	0

The energy consumption cost of machines in factory 1.
(Where columns denote machines: 1 to 3.)
1.9	2.9	4.8
The energy consumption cost of machines in factory 2.
(Where columns denote machines: 1 to 1.)
4.5
The energy consumption cost of machines in factory 3.
(Where columns denote machines: 1 to 1.)
3.3
The energy consumption cost of machines in factory 4.
(Where columns denote machines: 1 to 2.)
2.3	4.6
The energy consumption cost of machines in factory 5.
(Where columns denote machines: 1 to 3.)
3.1	4.1	1.7

The processing time of jobs on different machines of factory 1.
(Where rows denote machines: 1 to 3 and columns denote jobs: 1 to 250.)
13	25	27	25	17	15	15	21	18	18	24	24	23	16	23	22	12	11	12	27	23	23	30	19	19	24	29	26	30	25	12	16	14	13	26	23	24	29	19	10	22	10	30	19	23	27	25	30	29	21	19	25	15	24	14	18	22	22	29	10	18	18	23	15	24	12	27	20	17	14	23	17	22	24	13	29	10	17	11	30	22	12	20	18	20	27	29	20	13	22	17	14	29	30	15	16	30	29	16	11	29	14	29	18	25	20	14	22	24	17	10	27	30	10	20	26	20	27	15	19	23	21	12	17	28	29	25	16	24	16	14	19	18	16	13	29	10	26	13	25	16	24	17	22	17	20	13	22	25	24	18	23	21	23	19	17	24	28	10	28	20	23	17	28	11	22	25	21	21	26	20	25	15	28	12	21	15	16	14	11	21	20	16	24	17	20	18	22	12	19	17	25	24	15	23	23	15	29	17	10	21	11	10	30	17	25	21	19	13	22	13	14	25	25	21	25	29	13	28	11	10	19	26	21	15	23	20	25	26	25	28	15	18	23	13	16	26	14	19	26	21	19	13	24	22	15	25	10	15	16
14	16	24	21	12	10	24	22	25	27	12	14	22	20	19	25	10	17	13	26	22	29	24	10	19	23	18	17	12	22	19	20	11	13	15	22	25	30	23	21	12	12	22	10	12	21	19	21	29	19	26	19	24	26	27	10	24	12	22	30	22	10	29	13	17	25	11	22	22	21	29	10	15	15	28	28	27	30	30	16	10	15	21	16	10	13	24	12	22	21	19	24	23	30	29	16	23	30	14	25	14	22	19	21	17	12	12	16	17	30	17	15	10	22	12	27	19	22	30	16	18	25	14	13	30	23	12	28	23	14	17	29	17	28	21	17	20	22	18	14	10	18	30	29	10	15	26	29	25	28	15	30	29	25	13	16	20	24	12	25	29	18	29	10	14	10	10	25	14	13	15	21	10	21	11	27	14	21	27	16	11	21	27	14	28	27	10	30	11	24	21	16	27	14	13	18	24	17	21	15	12	11	16	18	28	19	28	28	25	21	14	16	15	20	23	10	14	18	22	24	27	12	23	26	20	12	26	15	12	14	27	24	25	17	10	22	16	19	24	13	19	29	23	15	26	27	28	13	28	16
23	29	28	21	11	17	24	20	14	16	15	17	14	17	10	19	17	26	19	16	12	13	17	14	18	20	14	28	12	17	13	12	22	15	24	10	26	19	17	28	24	29	11	20	30	29	16	22	25	11	28	26	21	25	15	11	21	18	23	30	28	19	22	13	21	26	27	10	11	20	23	14	25	29	12	14	25	18	16	20	24	28	15	21	28	14	24	30	21	14	11	15	22	12	30	19	13	13	27	14	28	23	12	12	24	16	22	26	12	23	11	15	23	24	29	28	17	17	29	26	18	15	12	27	17	10	29	21	27	22	30	23	11	21	20	12	11	17	10	22	16	15	18	21	17	23	26	30	29	28	26	17	28	26	28	19	18	10	12	13	11	13	27	14	19	11	16	22	26	29	23	24	17	23	14	25	20	25	25	25	16	30	12	26	24	16	13	25	15	20	29	11	16	11	18	18	19	21	22	20	20	15	15	14	20	26	11	15	15	13	21	27	29	10	23	28	26	24	30	27	29	11	19	26	10	13	29	28	11	16	23	12	14	12	26	14	19	29	28	29	25	18	21	26	29	18	17	13	30	30
The processing time of jobs on different machines of factory 2.
(Where rows denote machines: 1 to 1 and columns denote jobs: 1 to 250.)
18	22	28	18	18	29	10	27	23	21	20	13	24	28	12	27	19	18	22	28	24	14	10	26	24	28	14	16	10	27	25	18	21	22	25	22	27	30	14	27	15	27	17	17	24	11	17	16	28	17	27	22	26	10	16	18	29	16	16	30	16	22	27	23	17	25	16	30	15	23	17	26	22	11	23	19	14	18	22	18	12	16	27	11	11	16	25	26	14	25	21	15	24	21	19	23	15	29	28	16	11	17	18	23	16	30	14	23	21	28	27	15	17	25	24	19	12	14	27	24	29	12	16	22	20	16	28	30	18	19	13	26	13	29	27	16	18	19	16	17	18	20	12	17	18	10	27	10	24	30	17	25	18	30	12	22	19	10	27	10	11	11	15	24	21	17	12	21	25	27	18	29	24	27	22	22	21	18	24	28	23	22	26	17	20	16	11	27	10	30	24	16	15	21	24	13	11	14	12	17	11	11	17	14	30	23	30	25	21	26	20	16	12	11	20	21	10	14	16	20	25	20	25	14	10	23	24	19	18	22	25	20	16	17	24	20	21	25	21	18	19	25	25	22	20	11	27	28	21	22
The processing time of jobs on different machines of factory 3.
(Where rows denote machines: 1 to 1 and columns denote jobs: 1 to 250.)
29	20	14	17	15	19	14	29	29	16	25	15	23	28	26	24	16	25	13	24	30	21	28	10	29	15	28	21	11	17	28	15	20	20	26	23	30	23	21	28	12	21	22	13	26	23	29	10	14	28	17	14	14	29	17	12	12	29	30	17	28	10	13	14	17	20	16	23	28	27	25	27	21	29	29	23	12	12	22	15	21	30	30	28	15	25	21	23	21	12	25	23	26	25	24	24	19	13	22	25	27	22	25	18	21	22	14	23	20	10	15	13	26	17	19	26	20	10	19	20	17	21	23	17	27	24	15	22	15	16	20	14	16	27	27	21	30	23	20	13	20	12	22	30	30	23	27	30	25	21	28	26	20	11	28	17	13	17	27	11	28	17	17	27	18	15	12	16	28	26	25	25	16	27	13	16	21	15	17	15	24	28	20	24	14	14	27	25	10	21	14	18	20	22	26	22	18	16	14	19	18	14	24	23	28	14	17	25	24	28	16	29	16	28	23	27	11	30	29	13	23	25	24	29	25	14	23	26	22	23	30	14	10	26	16	11	21	28	27	12	29	12	15	16	19	14	12	17	18	21
The processing time of jobs on different machines of factory 4.
(Where rows denote machines: 1 to 2 and columns denote jobs: 1 to 250.)
12	25	29	27	14	13	20	23	22	27	26	29	29	17	26	30	13	25	23	29	17	13	27	15	10	27	17	15	11	18	11	24	22	27	23	30	10	25	10	24	12	12	13	11	15	30	10	20	24	10	10	20	26	11	23	21	12	17	23	24	17	23	29	13	28	16	11	18	10	21	11	15	19	23	29	14	29	12	19	14	28	18	23	24	22	29	16	24	23	20	26	18	19	24	25	28	28	30	23	21	26	10	23	13	14	18	11	12	30	30	19	11	26	24	14	14	29	26	11	28	15	22	30	13	17	27	13	20	26	28	12	18	25	21	26	25	29	10	27	11	13	16	17	13	12	26	12	27	18	27	20	19	24	28	16	19	15	26	27	26	14	11	14	27	23	24	13	14	29	18	30	24	15	22	21	13	29	17	11	19	30	21	25	16	26	19	13	13	22	10	26	13	10	20	16	30	10	24	28	20	20	21	22	13	18	25	15	15	28	24	27	21	20	28	26	19	28	15	15	17	11	15	14	13	25	22	14	30	27	23	19	16	20	28	16	10	16	13	16	21	26	15	29	23	11	20	29	17	27	29
19	26	18	19	24	26	23	10	24	28	26	13	29	12	25	22	28	22	16	14	24	29	24	17	25	18	13	30	16	16	19	30	25	30	12	27	24	10	18	15	19	25	25	10	18	22	22	20	13	24	23	10	14	23	28	27	23	12	14	19	19	26	20	15	21	15	28	28	16	19	18	18	12	18	20	20	21	19	10	24	24	15	22	30	16	25	19	11	12	12	28	18	18	26	26	30	26	12	10	23	19	26	29	19	27	13	20	29	25	11	30	22	14	29	27	28	14	22	28	12	30	25	25	22	24	29	26	18	27	15	15	27	27	14	11	17	13	25	25	22	12	11	28	15	19	16	18	19	22	10	10	23	22	16	29	24	27	13	18	27	13	27	18	16	22	10	19	16	14	19	10	24	18	19	13	24	19	11	28	28	28	12	17	20	15	12	22	16	18	10	11	25	13	10	23	14	29	14	29	19	20	12	19	24	13	24	27	27	27	17	26	11	24	16	21	18	21	25	26	25	12	18	28	22	22	10	13	20	24	17	14	23	14	14	30	26	18	24	14	23	26	11	21	25	27	24	24	17	29	24
The processing time of jobs on different machines of factory 5.
(Where rows denote machines: 1 to 3 and columns denote jobs: 1 to 250.)
29	14	24	25	17	24	23	11	10	28	19	11	26	18	15	25	17	24	15	18	14	20	29	11	24	17	29	24	29	16	14	27	21	28	19	21	21	21	21	16	28	29	19	19	30	15	29	30	19	28	25	25	14	19	11	29	15	19	25	11	14	27	18	30	29	21	23	19	10	17	27	13	15	15	30	11	18	21	22	22	14	12	15	30	16	25	16	27	21	14	21	18	17	19	28	28	30	27	19	19	13	24	18	12	11	13	16	27	14	19	10	25	23	23	20	27	17	10	15	17	22	18	22	22	21	11	12	12	23	13	16	26	15	14	22	30	11	24	12	10	11	23	16	26	27	27	11	19	28	13	17	28	14	28	16	15	20	29	25	10	17	30	10	22	14	23	26	20	28	29	15	20	26	27	12	11	26	24	22	25	14	22	16	26	23	23	11	22	12	15	22	21	17	23	12	18	20	29	19	15	22	27	15	20	30	10	10	20	11	27	24	26	26	26	10	27	21	30	15	22	30	10	19	18	22	21	16	15	29	11	11	10	28	24	19	14	23	22	10	17	29	29	11	27	11	18	14	18	24	16
10	13	20	16	27	13	24	23	24	16	12	15	15	29	11	30	21	13	19	30	28	11	30	29	16	19	13	26	17	11	11	24	12	10	17	26	15	30	21	16	16	24	20	28	21	14	23	28	15	25	24	25	21	21	30	13	29	11	25	24	14	11	17	10	24	24	24	16	15	19	15	15	30	20	11	20	25	16	30	11	25	30	26	11	19	13	19	10	20	29	22	26	28	15	28	20	18	17	16	28	11	25	29	16	13	18	21	21	22	19	25	23	23	11	12	13	12	26	22	29	12	13	10	24	10	16	12	17	24	14	14	28	10	14	17	27	28	21	17	20	30	18	12	14	14	11	14	23	22	26	23	16	17	24	18	20	24	25	12	15	13	12	21	27	26	17	15	20	21	13	30	29	24	14	23	18	27	14	18	22	15	30	12	21	17	13	12	10	29	23	14	17	22	26	29	12	26	21	21	23	24	30	26	20	21	24	20	25	29	29	19	30	18	10	27	20	13	13	11	26	11	17	23	28	24	20	21	27	14	30	14	25	30	29	20	19	30	17	28	30	29	13	14	21	28	28	19	28	10	25
15	15	20	29	29	28	13	24	15	13	12	30	19	28	16	13	27	30	12	26	29	23	18	13	14	15	27	24	22	14	21	20	19	18	21	27	22	28	20	30	20	29	26	22	22	16	22	12	21	15	14	23	17	29	11	26	22	11	25	29	21	12	16	12	14	16	26	10	29	30	21	22	10	20	23	13	20	26	23	16	22	19	29	22	24	25	16	10	22	29	15	18	18	19	11	25	20	16	15	26	30	24	17	15	15	12	17	12	12	23	17	28	23	22	23	20	28	28	29	22	28	13	17	16	21	20	27	26	19	13	17	29	28	18	11	26	12	19	20	21	22	11	10	30	19	10	30	24	15	13	23	15	18	15	28	24	13	17	19	10	29	12	30	22	13	30	11	16	29	30	30	19	15	27	18	27	28	12	24	20	27	24	24	19	19	29	28	12	13	17	30	19	18	12	11	26	10	16	13	30	24	21	27	29	22	26	12	16	10	12	10	13	30	18	23	16	12	28	30	17	26	24	15	13	18	19	25	15	30	20	15	14	21	29	16	26	14	15	26	24	30	30	25	10	19	10	18	11	30	22

The basic maintenance time of machines in factory 1.
(Where columns denote machines: 1 to 3.)
29	21	30
The basic maintenance time of machines in factory 2.
(Where columns denote machines: 1 to 1.)
29
The basic maintenance time of machines in factory 3.
(Where columns denote machines: 1 to 1.)
30
The basic maintenance time of machines in factory 4.
(Where columns denote machines: 1 to 2.)
31	23
The basic maintenance time of machines in factory 5.
(Where columns denote machines: 1 to 3.)
24	28	24

The deterioration rate of machines in factory 1.
(Where columns denote machines: 1 to 3.)
0.6	0.9	0.6
The deterioration rate of machines in factory 2.
(Where columns denote machines: 1 to 1.)
0.5
The deterioration rate of machines in factory 3.
(Where columns denote machines: 1 to 1.)
0.8
The deterioration rate of machines in factory 4.
(Where columns denote machines: 1 to 2.)
0.6	0.8
The deterioration rate of machines in factory 5.
(Where columns denote machines: 1 to 3.)
0.8	0.6	0.7

Maximum health value of machines in factory 1.
(Where columns denote machines: 1 to 3.)
37.8	29.7	35.1
Maximum health value of machines in factory 2.
(Where columns denote machines: 1 to 1.)
29.7
Maximum health value of machines in factory 3.
(Where columns denote machines: 1 to 1.)
40.5
Maximum health value of machines in factory 4.
(Where columns denote machines: 1 to 2.)
37.8	29.7
Maximum health value of machines in factory 5.
(Where columns denote machines: 1 to 3.)
32.4	29.7	29.7

Maintenance efficiency of workers on machines of factory 1.
(Where rows denote workers: 1 to 6 and columns denote machines: 1 to 3.)
1.1	0.7	1.1
1.3	1.1	1
0.8	1.2	1.5
0.7	0.9	1.2
0.8	1.1	1.1
1.3	1.1	1.2
Maintenance efficiency of workers on machines of factory 2.
(Where rows denote workers: 1 to 6 and columns denote machines: 1 to 1.)
1.3
1
0.8
1.1
1.2
0.8
Maintenance efficiency of workers on machines of factory 3.
(Where rows denote workers: 1 to 6 and columns denote machines: 1 to 1.)
1.5
0.8
1.1
1.1
1.3
0.9
Maintenance efficiency of workers on machines of factory 4.
(Where rows denote workers: 1 to 6 and columns denote machines: 1 to 2.)
0.9	1
1.1	1.1
0.7	1.1
1.1	1.5
1.2	1.5
1.4	1
Maintenance efficiency of workers on machines of factory 5.
(Where rows denote workers: 1 to 6 and columns denote machines: 1 to 3.)
0.8	0.8	1.3
0.7	1.3	1.4
1.4	1.3	0.9
1.3	1.5	0.8
1.4	1.3	1.4
1.3	1.5	1.3

Unit salary of pay model 1.
(Where columns denote workers: 1 to 6.)
1.4	1.8	1.8	1.9	1.7	1.6
Unit salary of pay model 2.
(Where columns denote workers: 1 to 6.)
85	63	73	72	95	52

