The number of factories:
4

The total number of machines:
10

The number of workers:
3

The number of jobs:
200

Transfer time between different factories:
(Where rows denote factories: 1 to 4 and columns denote factories: 1 to 4.)
0	28	26	14
28	0	9	38
26	9	0	33
14	38	33	0

The energy consumption cost of machines in factory 1.
(Where columns denote machines: 1 to 3.)
3.6	2.7	2.8
The energy consumption cost of machines in factory 2.
(Where columns denote machines: 1 to 3.)
4.6	3.9	3.7
The energy consumption cost of machines in factory 3.
(Where columns denote machines: 1 to 3.)
3.7	1.8	4.3
The energy consumption cost of machines in factory 4.
(Where columns denote machines: 1 to 1.)
3.7

The processing time of jobs on different machines of factory 1.
(Where rows denote machines: 1 to 3 and columns denote jobs: 1 to 200.)
29	11	20	12	15	23	22	12	17	23	20	16	23	12	18	30	18	17	26	12	18	17	18	24	14	22	21	11	25	17	24	13	24	30	27	26	25	23	14	22	22	22	16	17	23	21	17	19	16	28	13	23	16	19	20	28	13	14	13	23	21	12	20	17	20	11	12	20	22	26	27	15	22	17	16	14	16	14	19	28	14	30	28	19	30	16	26	25	18	11	26	17	23	22	29	30	13	13	19	21	21	12	24	26	26	25	22	29	17	11	27	18	19	15	26	24	21	12	26	14	22	10	27	25	20	19	21	15	27	25	22	26	29	23	18	19	22	27	29	12	26	26	18	24	16	16	19	21	29	14	11	23	16	20	15	26	20	19	22	16	19	18	28	27	15	11	17	29	15	10	27	16	20	17	23	29	11	20	17	28	11	19	22	13	29	17	10	19	19	15	18	24	11	29	12	27	28	23	27	11
11	17	20	25	14	13	11	24	25	15	11	29	24	17	30	30	10	23	28	25	28	24	29	10	25	25	12	11	21	14	21	20	22	28	11	15	30	13	18	11	24	18	13	15	26	29	14	17	16	14	17	24	24	28	13	21	29	28	13	30	11	26	11	11	12	11	14	19	22	28	22	18	14	29	19	25	10	14	12	12	16	28	24	16	19	30	18	24	28	12	28	22	11	28	22	21	24	22	16	24	14	22	27	15	25	16	17	30	23	23	25	24	11	10	27	28	21	19	14	21	27	13	24	15	28	28	18	22	15	25	23	12	29	13	13	30	19	17	11	28	26	28	22	29	10	12	19	27	22	28	11	30	10	15	15	29	12	16	15	15	13	24	13	18	21	15	23	20	18	17	12	20	26	15	12	16	12	19	29	25	23	21	13	21	15	20	18	28	13	25	16	21	16	17	24	17	13	22	10	26
30	13	17	13	27	22	13	12	28	24	19	13	14	18	17	18	15	26	12	29	29	20	28	12	22	24	27	25	29	20	23	19	11	11	15	19	29	10	20	16	15	15	20	21	28	30	26	12	12	28	21	11	22	20	28	15	16	22	16	10	22	28	27	13	18	15	26	25	20	25	19	24	22	28	22	24	10	20	14	18	28	11	24	16	15	18	19	21	12	11	29	18	18	28	26	22	14	10	30	19	16	11	11	29	14	15	28	27	21	20	28	29	28	19	15	19	17	16	20	14	22	19	28	22	17	23	29	17	27	18	15	13	24	13	30	18	24	12	22	14	28	21	26	20	14	17	15	17	18	15	10	29	24	17	29	18	19	10	24	21	26	16	19	29	25	22	25	18	14	23	14	19	26	25	21	27	19	18	16	13	19	25	14	18	20	19	20	22	15	26	25	26	10	29	24	21	12	29	10	29
The processing time of jobs on different machines of factory 2.
(Where rows denote machines: 1 to 3 and columns denote jobs: 1 to 200.)
14	15	14	18	23	22	24	17	30	24	29	11	29	25	24	30	25	24	17	18	28	13	21	19	16	27	21	23	27	16	30	16	18	23	24	24	15	20	20	21	13	10	22	28	27	24	12	12	25	25	28	16	20	13	15	15	10	13	18	10	17	11	26	12	15	17	15	11	25	15	10	24	19	10	28	30	25	10	30	26	16	20	13	21	15	23	19	30	18	18	24	21	12	11	23	16	10	30	12	17	15	28	10	29	21	24	27	17	25	22	23	21	15	11	17	20	18	11	14	24	26	16	12	27	27	15	17	26	21	23	22	28	18	16	28	28	29	30	11	19	28	25	17	13	12	21	28	21	23	21	26	30	22	23	16	27	17	26	11	25	17	18	14	17	21	19	22	21	20	24	28	18	22	18	12	15	23	12	22	23	22	14	21	28	19	12	26	19	30	28	12	27	27	27	30	12	20	26	28	27
27	11	21	21	10	26	14	11	12	10	16	10	12	10	26	10	30	21	30	25	25	14	26	15	24	14	13	26	13	28	16	10	16	13	17	25	24	19	16	11	28	29	19	30	13	24	25	29	29	23	10	21	15	19	23	10	25	24	17	27	10	15	22	25	19	25	13	29	11	14	24	25	10	30	17	22	24	30	30	30	16	21	17	22	17	24	12	20	17	24	12	12	27	17	23	19	30	22	15	17	15	26	18	21	10	28	26	27	16	25	18	10	10	10	13	28	17	26	29	25	10	21	30	14	17	15	23	24	29	10	30	20	14	27	30	16	30	10	30	14	13	30	25	23	27	16	20	25	22	29	18	14	20	13	15	21	22	16	19	24	24	21	20	29	17	13	21	15	20	21	27	24	11	26	20	25	17	27	12	27	14	16	16	21	13	10	19	23	12	19	12	15	14	29	26	15	20	16	23	25
30	30	29	18	16	27	28	23	20	24	24	10	15	19	23	10	29	25	21	29	26	13	27	12	23	24	28	11	24	13	11	24	10	24	27	10	19	30	14	17	29	13	16	22	15	10	16	11	16	29	12	19	30	14	11	18	10	27	15	23	27	17	12	10	27	30	28	12	12	10	23	23	23	21	21	17	22	12	27	21	12	18	21	24	30	22	25	11	16	19	26	15	15	30	26	12	15	21	20	13	19	28	30	27	15	18	27	30	26	19	27	23	11	21	28	13	15	18	15	27	21	20	25	28	20	27	10	19	15	25	23	19	13	19	10	25	30	15	24	16	25	26	13	30	24	21	12	19	21	14	18	11	13	15	27	12	25	15	26	30	13	11	29	11	16	22	25	23	18	22	18	22	15	12	11	17	15	29	17	14	28	13	10	29	22	19	27	23	23	15	26	21	21	18	19	19	14	11	15	11
The processing time of jobs on different machines of factory 3.
(Where rows denote machines: 1 to 3 and columns denote jobs: 1 to 200.)
28	16	26	12	29	27	11	28	15	12	18	17	18	17	16	24	17	30	27	15	20	20	22	17	14	18	11	10	28	30	18	30	18	21	30	12	30	29	15	18	23	22	14	27	11	15	11	12	17	30	26	19	14	13	21	24	10	19	20	24	16	24	30	25	14	14	19	12	27	25	13	15	16	17	26	15	21	12	30	23	19	13	23	27	17	26	25	24	28	12	16	15	10	11	30	17	11	10	17	18	26	11	12	26	17	13	18	11	30	18	21	14	27	11	15	21	15	26	12	18	14	15	20	16	28	16	19	27	22	26	11	17	10	27	16	15	28	30	24	14	16	21	16	26	27	30	25	20	17	19	28	18	23	29	25	15	13	11	25	29	14	19	16	16	10	27	10	16	21	14	17	15	11	28	11	26	16	27	22	10	15	14	22	18	17	26	21	12	18	13	28	16	24	27	15	10	22	12	24	21
10	22	14	20	29	22	11	17	14	16	18	27	14	18	15	14	16	10	15	15	12	15	24	22	14	26	13	13	22	15	24	21	29	29	18	17	22	14	11	12	14	27	16	16	11	26	24	21	24	23	23	20	12	12	16	23	19	20	14	20	18	13	17	20	23	27	10	16	17	21	29	29	24	19	16	22	23	26	25	13	13	16	11	21	16	10	10	30	19	17	25	22	13	22	11	26	10	27	15	16	30	29	21	20	22	29	30	21	12	19	19	27	17	29	29	10	12	14	27	19	27	17	25	24	16	21	30	15	26	18	17	17	21	11	18	26	25	20	26	15	14	26	17	10	25	19	25	20	25	23	22	21	26	27	14	28	26	24	12	20	23	19	19	12	19	24	24	23	23	30	26	15	21	20	24	16	25	23	23	24	14	22	30	15	18	20	30	30	27	16	11	17	28	28	27	21	23	14	15	19
15	14	23	18	21	10	16	17	16	22	22	14	14	10	19	21	26	28	14	27	28	18	14	23	27	14	13	23	28	22	17	11	10	28	13	18	14	18	19	19	30	16	11	23	21	22	26	23	29	29	28	20	14	14	17	10	24	19	20	12	16	23	14	27	26	16	22	27	20	13	20	30	28	28	15	14	18	16	20	10	23	11	29	22	12	18	19	12	20	24	20	28	17	21	23	19	15	10	25	10	15	20	11	24	10	26	16	12	18	12	25	30	13	16	29	30	10	11	23	24	11	15	22	21	27	27	24	30	12	24	30	21	22	30	30	11	30	13	29	11	26	17	16	28	24	15	12	27	10	23	19	21	26	11	10	26	27	12	18	30	11	30	18	15	11	12	23	12	20	29	10	13	12	11	11	23	29	27	29	22	15	30	29	18	25	14	19	12	14	14	23	22	17	25	12	10	30	29	16	23
The processing time of jobs on different machines of factory 4.
(Where rows denote machines: 1 to 1 and columns denote jobs: 1 to 200.)
15	21	28	16	29	26	18	10	19	23	22	13	13	24	17	16	13	24	14	28	10	23	20	27	12	14	26	23	25	19	25	11	30	19	30	17	16	19	19	29	23	24	12	17	10	18	19	26	17	26	17	22	26	22	25	13	29	26	28	30	20	22	11	18	19	29	24	14	30	13	11	27	22	23	29	19	17	19	16	30	11	30	21	18	18	19	20	13	17	30	10	14	25	11	20	12	27	25	27	11	15	25	15	10	23	11	16	13	15	25	10	22	25	13	19	11	20	12	29	14	22	21	27	26	15	21	17	22	26	13	24	25	16	28	30	27	29	29	22	16	13	30	25	15	22	20	14	19	27	16	20	12	24	23	13	20	28	21	15	23	11	18	20	19	26	14	13	14	14	17	13	12	18	13	23	16	22	28	18	12	10	25	14	24	30	20	22	14	19	15	10	30	14	21	11	30	16	12	26	28

The basic maintenance time of machines in factory 1.
(Where columns denote machines: 1 to 3.)
22	26	26
The basic maintenance time of machines in factory 2.
(Where columns denote machines: 1 to 3.)
22	37	32
The basic maintenance time of machines in factory 3.
(Where columns denote machines: 1 to 3.)
36	33	29
The basic maintenance time of machines in factory 4.
(Where columns denote machines: 1 to 1.)
29

The deterioration rate of machines in factory 1.
(Where columns denote machines: 1 to 3.)
0.9	0.6	0.9
The deterioration rate of machines in factory 2.
(Where columns denote machines: 1 to 3.)
0.8	0.8	0.6
The deterioration rate of machines in factory 3.
(Where columns denote machines: 1 to 3.)
0.9	0.6	1
The deterioration rate of machines in factory 4.
(Where columns denote machines: 1 to 1.)
0.8

Maximum health value of machines in factory 1.
(Where columns denote machines: 1 to 3.)
42	42	30
Maximum health value of machines in factory 2.
(Where columns denote machines: 1 to 3.)
36	39	33
Maximum health value of machines in factory 3.
(Where columns denote machines: 1 to 3.)
30	33	33
Maximum health value of machines in factory 4.
(Where columns denote machines: 1 to 1.)
30

Maintenance efficiency of workers on machines of factory 1.
(Where rows denote workers: 1 to 3 and columns denote machines: 1 to 3.)
0.9	0.8	1.4
1.1	1.4	0.9
0.8	0.9	1.3
Maintenance efficiency of workers on machines of factory 2.
(Where rows denote workers: 1 to 3 and columns denote machines: 1 to 3.)
0.9	1.3	0.7
1.4	1.5	1.1
1	0.8	1.5
Maintenance efficiency of workers on machines of factory 3.
(Where rows denote workers: 1 to 3 and columns denote machines: 1 to 3.)
1.4	1.3	0.7
1.3	1.5	1.5
0.8	1.3	1.1
Maintenance efficiency of workers on machines of factory 4.
(Where rows denote workers: 1 to 3 and columns denote machines: 1 to 1.)
1
1.1
0.7

Unit salary of pay model 1.
(Where columns denote workers: 1 to 3.)
1.5	1.3	1.6
Unit salary of pay model 2.
(Where columns denote workers: 1 to 3.)
56	62	76

