The number of factories:
3

The total number of machines:
10

The number of workers:
6

The number of jobs:
150

Transfer time between different factories:
(Where rows denote factories: 1 to 3 and columns denote factories: 1 to 3.)
0	19	26
19	0	10
26	10	0

The energy consumption cost of machines in factory 1.
(Where columns denote machines: 1 to 4.)
2.8	1	5	2.3
The energy consumption cost of machines in factory 2.
(Where columns denote machines: 1 to 4.)
1.2	1	1.4	3
The energy consumption cost of machines in factory 3.
(Where columns denote machines: 1 to 2.)
1.4	2.3

The processing time of jobs on different machines of factory 1.
(Where rows denote machines: 1 to 4 and columns denote jobs: 1 to 150.)
25	12	28	16	13	13	20	14	26	18	26	21	28	15	10	27	13	30	21	13	29	20	18	20	25	22	22	18	30	18	18	20	24	16	29	29	19	12	13	17	22	14	27	22	14	19	30	20	20	15	23	22	13	12	28	26	12	21	29	13	13	25	12	21	16	10	12	10	29	29	30	12	10	25	22	23	24	24	26	19	10	14	24	24	13	15	23	16	13	20	30	28	17	26	26	15	23	17	27	30	21	11	12	18	14	29	21	29	12	14	17	24	27	19	11	28	14	13	23	26	25	11	22	21	12	13	22	26	25	14	10	13	14	21	28	10	14	21	20	23	14	26	11	23	25	12	29	16	14	22
18	13	25	24	16	19	22	17	12	28	27	23	17	25	16	23	28	15	20	13	30	15	19	18	17	26	24	29	26	14	16	22	24	18	18	30	15	16	17	28	18	14	14	18	26	16	14	14	11	27	12	19	18	30	19	28	22	12	20	13	10	30	23	10	13	17	20	10	15	15	29	26	14	20	16	28	16	14	28	28	21	16	20	21	29	12	16	19	16	17	29	23	20	20	27	30	26	27	20	18	16	14	14	23	13	13	11	18	30	26	16	21	11	15	26	17	12	10	19	23	20	20	27	10	28	22	26	10	24	24	16	11	19	29	13	17	25	25	23	12	26	15	29	20	26	28	14	10	18	14
18	13	16	26	17	30	25	19	29	21	29	11	14	27	11	20	27	28	29	30	29	19	16	29	25	17	27	19	27	10	26	10	30	22	11	18	15	26	10	10	17	17	25	15	30	28	30	11	10	15	26	28	14	11	26	25	13	25	17	25	11	23	20	25	13	23	16	12	26	12	15	29	22	27	13	29	12	12	13	13	25	14	13	13	16	30	28	21	22	20	18	17	26	11	25	22	29	30	16	21	13	29	10	24	20	21	20	21	14	25	28	21	20	18	18	10	20	27	21	14	28	26	21	27	25	19	13	23	14	28	24	28	30	11	30	22	23	17	10	23	26	11	29	11	28	19	29	30	13	19
26	27	20	27	18	29	26	26	30	19	11	20	26	18	25	20	11	23	27	13	11	16	10	28	23	11	14	24	11	24	17	30	27	29	19	24	12	18	16	26	23	14	29	15	11	16	18	12	20	20	12	27	28	21	22	12	13	17	21	19	11	17	24	22	30	28	13	21	30	25	26	28	25	19	25	17	20	21	18	25	13	22	10	11	12	24	11	12	19	24	20	16	26	22	24	17	28	16	26	26	17	12	21	25	25	25	23	14	23	24	19	27	27	16	10	30	14	14	24	24	25	15	21	14	20	14	26	20	30	20	25	23	13	10	11	13	12	21	21	12	13	18	17	14	15	28	30	23	20	14
The processing time of jobs on different machines of factory 2.
(Where rows denote machines: 1 to 4 and columns denote jobs: 1 to 150.)
12	24	23	22	19	15	12	20	27	25	11	21	26	20	28	18	27	29	26	25	29	24	25	25	19	12	22	19	27	26	21	14	10	20	15	24	20	25	20	23	26	11	10	18	23	28	21	18	15	12	11	28	13	18	27	22	25	28	12	29	16	16	26	18	27	16	26	12	22	29	17	17	10	12	30	26	14	28	15	28	19	11	20	16	15	11	16	16	11	10	30	24	16	28	23	19	10	20	21	29	29	23	21	24	29	26	13	22	17	10	24	16	17	22	13	20	16	10	22	24	16	29	21	12	22	30	23	24	15	13	20	26	23	22	17	10	28	20	28	14	20	18	29	13	18	25	25	29	13	12
26	19	20	27	26	17	25	29	28	16	16	21	20	26	29	20	26	15	28	23	25	17	22	21	17	10	24	11	19	20	30	23	21	28	14	16	13	11	18	13	17	25	26	25	26	15	15	23	25	18	25	22	26	21	22	12	12	25	16	25	27	29	23	21	15	28	17	16	25	17	28	26	28	11	11	22	13	30	28	16	30	19	16	10	25	11	12	17	17	20	28	22	15	11	23	12	28	17	28	23	26	14	20	18	15	10	10	16	29	12	13	10	10	29	30	23	14	23	26	15	22	23	13	11	19	25	15	17	27	12	22	24	15	13	19	20	16	26	21	29	26	10	15	20	28	17	11	10	30	28
10	18	30	25	10	20	13	27	10	16	22	30	28	21	13	24	19	11	21	10	12	22	18	15	10	24	15	14	17	25	17	16	14	10	30	28	13	15	24	22	29	16	28	14	22	20	27	20	29	23	22	28	23	17	27	18	18	16	28	15	27	19	11	25	10	12	12	29	19	15	29	19	22	14	17	18	16	16	10	29	15	13	23	26	14	13	28	18	18	29	22	26	30	11	26	14	20	27	25	11	10	30	18	25	23	17	20	22	20	20	10	25	26	20	13	22	20	25	25	22	22	29	13	20	17	13	12	10	18	17	18	19	15	27	10	14	28	29	14	24	12	30	30	12	19	29	28	16	10	29
19	17	24	27	18	27	15	12	21	24	27	20	27	12	16	16	21	30	16	22	15	22	27	24	27	20	25	14	18	29	16	28	22	14	17	30	25	29	13	18	22	28	28	28	18	25	12	25	10	10	28	20	24	10	14	11	29	13	13	22	26	23	13	26	24	29	14	19	20	20	25	10	19	25	23	13	11	13	13	13	14	27	13	24	15	25	16	23	27	11	12	19	28	18	19	11	20	23	23	15	16	25	10	17	13	24	25	13	20	27	10	14	29	11	15	24	29	10	27	10	19	19	20	17	25	22	20	23	20	23	14	10	27	26	10	27	13	26	26	26	23	19	23	29	29	28	24	16	29	11
The processing time of jobs on different machines of factory 3.
(Where rows denote machines: 1 to 2 and columns denote jobs: 1 to 150.)
26	12	20	25	15	16	27	21	17	12	12	20	15	16	21	20	15	23	14	25	27	19	14	10	12	27	22	12	23	27	12	30	19	22	30	21	11	25	15	15	30	19	25	15	15	12	30	11	29	14	26	27	14	23	16	25	25	26	23	26	26	24	25	28	14	23	29	24	30	20	22	30	21	13	26	28	17	13	14	30	26	10	12	20	14	27	24	25	18	29	20	16	13	18	16	29	23	14	13	10	22	26	30	10	14	18	15	25	20	10	25	14	15	17	23	22	13	11	13	11	11	24	11	30	10	30	30	22	17	29	27	24	10	15	23	25	15	17	22	25	19	25	15	21	14	11	20	30	16	11
28	26	24	28	10	24	13	23	12	13	21	14	18	22	21	20	29	18	21	16	18	17	15	20	10	16	10	18	28	18	21	28	25	16	30	23	18	24	24	20	11	12	27	24	24	12	16	28	10	27	23	13	14	30	27	21	12	18	12	19	30	15	28	21	13	29	25	17	12	29	24	27	21	13	24	20	18	12	25	24	12	17	25	16	30	28	21	21	18	12	27	18	13	24	25	18	11	22	10	28	15	10	27	23	14	28	15	11	15	22	22	22	19	26	27	23	24	22	17	19	16	10	22	14	28	21	20	10	19	22	16	24	26	12	11	27	19	30	26	19	10	12	21	20	19	11	20	23	14	27

The basic maintenance time of machines in factory 1.
(Where columns denote machines: 1 to 4.)
30	25	21	39
The basic maintenance time of machines in factory 2.
(Where columns denote machines: 1 to 4.)
32	36	28	37
The basic maintenance time of machines in factory 3.
(Where columns denote machines: 1 to 2.)
36	28

The deterioration rate of machines in factory 1.
(Where columns denote machines: 1 to 4.)
0.6	0.9	0.7	1
The deterioration rate of machines in factory 2.
(Where columns denote machines: 1 to 4.)
0.5	0.6	0.8	0.5
The deterioration rate of machines in factory 3.
(Where columns denote machines: 1 to 2.)
0.9	0.7

Maximum health value of machines in factory 1.
(Where columns denote machines: 1 to 4.)
30	42	39	42
Maximum health value of machines in factory 2.
(Where columns denote machines: 1 to 4.)
36	33	39	42
Maximum health value of machines in factory 3.
(Where columns denote machines: 1 to 2.)
42	33

Maintenance efficiency of workers on machines of factory 1.
(Where rows denote workers: 1 to 6 and columns denote machines: 1 to 4.)
0.7	0.8	0.8	1.4
1.2	1.1	1.4	0.8
0.9	1.2	1.4	0.8
1	1.3	0.9	1.2
0.9	0.9	1.3	1.2
0.7	1.4	0.9	1.1
Maintenance efficiency of workers on machines of factory 2.
(Where rows denote workers: 1 to 6 and columns denote machines: 1 to 4.)
1.2	1	1.5	1.5
1.4	1.3	0.8	0.9
1.5	0.9	1.2	1.3
1.5	1.5	1.1	0.7
1.3	0.8	0.8	1
1.1	1.4	1.4	0.9
Maintenance efficiency of workers on machines of factory 3.
(Where rows denote workers: 1 to 6 and columns denote machines: 1 to 2.)
1.3	0.8
1	0.9
1.5	1.5
0.8	0.7
1	1
0.9	0.7

Unit salary of pay model 1.
(Where columns denote workers: 1 to 6.)
1.3	1.7	1.3	1.7	1.7	1.3
Unit salary of pay model 2.
(Where columns denote workers: 1 to 6.)
51	96	52	67	99	87

