The number of factories:
5

The total number of machines:
10

The number of workers:
3

The number of jobs:
250

Transfer time between different factories:
(Where rows denote factories: 1 to 5 and columns denote factories: 1 to 5.)
0	11	22	19	32
11	0	13	23	21
22	13	0	24	10
19	23	24	0	33
32	21	10	33	0

The energy consumption cost of machines in factory 1.
(Where columns denote machines: 1 to 1.)
1.8
The energy consumption cost of machines in factory 2.
(Where columns denote machines: 1 to 2.)
1.8	2.2
The energy consumption cost of machines in factory 3.
(Where columns denote machines: 1 to 2.)
4.5	3.9
The energy consumption cost of machines in factory 4.
(Where columns denote machines: 1 to 3.)
1	4.9	2.7
The energy consumption cost of machines in factory 5.
(Where columns denote machines: 1 to 2.)
1.5	3.1

The processing time of jobs on different machines of factory 1.
(Where rows denote machines: 1 to 1 and columns denote jobs: 1 to 250.)
26	21	17	20	23	21	25	19	16	13	18	24	18	24	12	22	23	26	23	22	22	17	30	20	26	21	24	23	28	21	24	26	15	18	30	30	18	20	27	19	23	18	12	30	21	12	30	14	17	28	10	18	11	20	28	21	17	24	14	10	16	23	21	27	15	22	21	21	24	13	15	19	30	23	25	27	26	16	11	24	24	11	22	11	22	10	26	14	12	21	22	19	20	18	23	29	22	20	12	19	18	17	20	24	25	19	10	27	15	13	15	21	16	19	18	18	10	17	29	12	12	15	16	29	29	10	24	26	29	24	19	27	14	13	22	20	17	27	14	22	30	20	28	30	27	20	15	29	10	19	30	12	22	16	13	13	13	20	24	22	23	23	26	15	12	25	28	26	30	30	20	10	14	17	15	20	12	17	15	22	19	11	18	23	30	18	23	29	20	18	24	17	30	18	18	16	30	18	10	13	15	21	21	23	17	30	26	12	14	29	24	27	25	14	27	19	20	20	21	13	30	21	24	29	23	21	16	25	14	24	10	19	17	25	16	24	21	12	23	22	18	20	12	13	22	18	24	22	20	16
The processing time of jobs on different machines of factory 2.
(Where rows denote machines: 1 to 2 and columns denote jobs: 1 to 250.)
24	14	20	22	19	29	13	22	24	18	29	25	21	24	28	28	29	13	23	25	25	29	29	29	11	17	25	11	10	29	26	10	10	20	26	19	25	14	16	20	12	30	21	13	14	15	18	28	30	11	10	28	26	29	30	26	18	30	22	15	12	16	21	18	21	28	11	30	23	13	22	17	14	20	21	12	19	18	16	12	18	21	22	11	16	24	18	21	24	22	29	26	21	27	12	30	14	23	28	28	13	29	16	19	21	20	12	10	25	15	11	18	26	21	18	10	26	16	28	17	16	15	15	23	14	16	23	23	14	15	14	18	29	26	26	30	17	22	24	27	16	11	23	25	30	26	25	15	20	12	27	10	14	20	14	18	24	26	12	22	30	27	19	27	26	22	28	19	25	12	11	12	28	15	29	25	21	10	13	15	19	18	30	16	30	25	21	21	30	25	17	14	18	15	17	16	30	18	26	13	13	12	28	14	23	11	17	20	18	14	11	25	16	23	29	23	18	12	21	26	15	15	11	13	29	25	18	13	23	21	15	27	14	28	21	17	15	20	22	25	23	22	25	10	17	23	29	30	21	22
28	20	30	23	22	16	29	10	27	29	10	29	14	25	28	15	29	12	22	21	30	29	20	21	12	17	30	19	27	10	11	19	14	17	24	25	18	16	25	30	12	21	10	13	18	17	11	18	25	25	18	15	29	28	30	18	29	13	26	11	15	28	16	11	29	23	16	30	12	25	26	10	15	10	17	15	24	15	21	15	23	14	21	13	20	24	29	21	10	27	27	20	12	16	13	15	26	15	21	11	10	30	27	21	29	15	27	19	11	21	11	30	16	12	29	22	29	13	19	20	18	10	28	30	16	19	23	19	13	13	22	20	11	15	14	21	26	18	15	11	12	29	25	16	14	17	29	26	11	21	18	25	21	24	12	30	29	23	11	23	22	22	30	18	23	23	15	21	29	15	15	22	27	18	22	30	11	10	17	24	15	21	21	19	20	19	26	28	24	17	14	30	28	19	30	20	21	17	18	10	20	28	29	25	18	22	22	21	19	13	11	27	11	11	14	10	21	28	14	21	10	12	17	10	28	30	24	15	21	21	26	21	24	30	24	23	10	22	14	16	27	18	10	24	19	16	21	14	11	19
The processing time of jobs on different machines of factory 3.
(Where rows denote machines: 1 to 2 and columns denote jobs: 1 to 250.)
26	15	21	23	10	30	10	20	21	18	19	14	27	27	16	29	24	23	17	27	22	30	13	13	25	29	16	13	19	15	16	11	13	11	10	17	10	17	18	13	26	12	26	29	11	16	16	19	17	14	30	11	21	23	25	17	17	12	17	30	22	19	19	24	30	14	24	12	22	25	30	22	13	28	27	28	11	27	30	18	13	30	27	17	19	30	17	19	14	10	26	24	29	16	24	15	17	19	22	29	12	30	21	16	12	17	20	21	16	15	18	17	18	30	17	16	14	14	27	13	28	30	10	11	13	18	20	20	26	14	22	18	13	21	20	10	24	11	15	19	19	29	14	21	10	26	30	28	14	29	13	10	19	21	23	25	10	26	29	29	24	25	11	10	22	27	16	26	14	15	26	22	10	29	17	13	10	13	30	17	20	23	12	13	27	16	19	18	23	22	22	19	26	18	11	30	17	11	25	18	21	18	12	21	23	12	12	23	26	10	13	10	28	16	29	24	14	27	26	29	10	23	11	13	17	10	26	30	18	19	29	19	12	21	29	28	30	24	23	19	19	13	22	12	24	23	19	30	20	26
21	25	19	13	30	28	15	27	25	23	23	23	13	29	30	15	24	10	13	28	21	28	16	18	29	19	14	17	11	11	15	15	21	30	10	18	11	23	24	26	11	13	10	17	17	13	11	25	22	29	27	18	11	15	24	27	16	24	21	26	17	10	12	24	24	28	11	22	16	20	25	22	27	30	21	24	26	26	24	12	23	13	13	28	16	12	12	19	30	20	11	15	29	20	30	10	20	10	11	25	19	10	28	22	27	22	26	22	13	22	30	17	20	23	19	15	13	29	15	19	29	26	23	23	30	26	18	20	30	24	22	30	13	19	30	18	16	25	14	18	28	21	23	11	21	24	26	29	24	10	25	17	10	15	23	25	22	25	20	23	30	29	23	25	18	15	16	20	28	12	24	17	21	16	29	17	26	26	26	16	23	27	26	25	26	23	12	23	18	23	30	24	20	20	15	15	26	21	21	22	24	24	22	11	21	21	19	22	15	22	22	29	24	22	28	20	19	21	13	20	23	12	18	22	21	13	12	14	27	26	24	12	20	14	26	24	17	10	25	29	28	27	24	20	22	10	13	24	30	12
The processing time of jobs on different machines of factory 4.
(Where rows denote machines: 1 to 3 and columns denote jobs: 1 to 250.)
16	22	20	10	24	30	18	16	23	11	27	24	15	15	14	22	23	13	20	21	23	10	19	18	15	30	27	10	22	23	14	25	23	24	26	19	27	18	18	18	21	21	15	25	23	29	25	21	19	24	14	18	24	30	18	13	20	27	17	27	12	25	10	27	29	20	21	27	16	20	18	27	10	15	15	22	10	12	21	29	13	24	29	12	21	11	10	19	29	27	12	18	10	25	29	30	12	19	20	22	23	24	15	15	22	12	23	22	13	16	21	21	11	18	25	11	25	24	12	28	13	22	10	11	19	12	19	12	25	26	27	22	25	23	29	24	17	20	18	16	14	28	17	24	16	22	22	17	29	22	27	17	17	22	17	28	17	25	15	17	18	14	27	11	14	29	18	10	30	19	23	16	28	16	20	27	23	14	24	20	29	11	17	10	24	23	18	14	14	25	11	30	13	18	20	20	11	15	14	16	10	12	11	28	29	21	28	30	29	19	29	29	26	25	11	22	26	24	30	19	13	27	30	10	15	16	17	28	28	26	24	13	28	24	12	29	24	23	15	11	15	21	25	10	21	29	11	20	24	21
23	10	20	18	29	29	13	22	17	13	16	15	12	25	23	14	17	18	10	23	15	29	21	20	28	13	23	16	29	14	29	10	25	14	26	22	19	20	16	28	17	24	17	15	17	27	27	28	28	10	12	26	19	30	18	22	20	25	12	10	14	14	26	22	20	12	30	29	18	14	12	11	16	12	29	14	30	27	25	26	17	15	24	21	28	23	18	18	27	19	23	17	13	22	25	14	14	25	14	27	24	24	10	20	12	25	11	17	30	28	10	15	25	14	22	29	30	21	22	19	11	14	25	12	22	11	28	14	20	21	12	23	10	25	17	11	14	10	13	19	13	26	23	29	28	16	12	20	18	27	29	12	13	30	12	27	17	28	23	13	30	21	26	28	27	18	12	17	27	29	26	12	30	17	24	27	11	24	23	15	22	30	10	18	20	11	11	23	19	22	24	10	11	29	28	17	20	30	15	27	15	16	27	29	22	15	14	29	16	17	29	11	23	18	30	10	27	26	26	15	10	23	17	19	14	17	15	29	19	27	18	23	11	29	13	27	23	22	22	27	15	13	14	19	30	22	19	22	30	18
21	24	10	25	25	25	28	18	26	10	24	20	30	27	28	29	10	16	10	11	11	16	15	29	15	29	19	18	13	14	23	19	23	18	20	18	20	20	20	21	26	29	28	11	26	13	12	16	24	22	26	13	22	29	21	29	24	25	11	20	14	24	17	22	16	30	13	11	24	26	18	17	17	13	24	11	26	21	10	16	26	17	24	10	29	14	14	14	13	11	21	24	29	10	22	12	26	16	19	25	10	26	27	18	12	18	25	12	12	30	22	24	25	12	10	19	18	10	23	21	19	10	19	24	17	12	10	19	18	26	10	24	14	16	29	26	13	24	22	30	30	14	15	10	29	28	17	17	23	16	27	13	12	27	24	24	16	24	22	26	12	13	23	30	22	30	15	24	20	30	20	28	26	11	14	25	23	27	27	18	22	16	27	22	14	16	22	24	27	10	15	13	10	18	22	15	21	25	26	27	16	30	23	24	23	20	14	30	26	14	20	23	23	13	30	26	20	14	28	23	25	11	18	14	14	10	25	18	12	24	30	16	17	19	11	25	14	11	29	25	23	18	17	27	26	17	23	17	28	29
The processing time of jobs on different machines of factory 5.
(Where rows denote machines: 1 to 2 and columns denote jobs: 1 to 250.)
16	29	13	18	21	24	23	20	10	19	17	18	28	15	28	14	28	12	22	13	16	10	28	28	28	25	28	29	13	26	14	10	27	19	30	12	18	24	14	28	29	11	21	18	26	27	29	27	22	22	21	27	30	24	30	23	10	12	21	20	23	18	20	17	30	25	21	27	13	11	21	26	30	12	29	14	18	28	16	12	11	18	27	14	26	10	15	22	25	20	10	15	10	10	26	30	21	23	26	21	11	12	11	27	30	25	23	27	10	19	19	15	13	10	30	14	27	24	13	17	18	25	30	21	30	11	28	10	10	13	12	17	18	27	25	30	22	24	22	13	16	18	17	17	14	18	15	27	10	30	28	19	25	15	10	13	20	22	16	19	24	30	20	10	30	19	25	27	28	20	14	24	24	26	29	28	16	27	25	19	30	20	23	15	10	29	26	23	28	13	23	27	19	29	23	26	12	23	18	14	13	20	30	10	11	27	25	29	21	13	11	28	30	30	11	29	25	13	21	18	30	28	22	27	15	26	23	15	22	10	10	15	13	21	14	22	25	25	22	11	14	23	14	14	11	16	14	23	29	26
16	19	25	27	10	10	13	13	24	18	10	17	22	16	29	25	20	12	24	20	12	23	24	17	17	17	23	10	14	30	12	30	22	27	13	19	20	28	12	28	13	18	12	21	21	24	11	24	24	25	15	12	28	27	13	29	30	28	20	17	27	10	24	17	30	11	22	24	25	15	20	24	14	19	22	29	23	26	11	29	18	20	12	16	17	14	10	20	15	12	13	26	15	28	26	28	16	14	22	30	14	18	22	29	15	19	26	13	18	10	27	20	11	15	18	27	13	24	11	20	16	26	10	23	30	23	18	24	20	13	25	23	22	23	13	24	12	16	30	25	14	24	22	29	20	23	29	21	11	20	16	24	11	28	25	14	10	23	30	16	25	20	10	28	16	28	14	10	17	29	19	28	18	30	27	18	11	26	25	24	14	26	19	22	29	28	27	24	17	18	11	29	23	21	28	24	21	30	21	26	10	13	15	21	30	16	26	28	13	12	12	24	12	17	17	10	10	21	15	19	15	20	17	28	26	19	27	23	22	26	16	25	30	17	23	11	20	13	26	13	18	14	26	22	13	20	21	25	28	29

The basic maintenance time of machines in factory 1.
(Where columns denote machines: 1 to 1.)
25
The basic maintenance time of machines in factory 2.
(Where columns denote machines: 1 to 2.)
38	24
The basic maintenance time of machines in factory 3.
(Where columns denote machines: 1 to 2.)
29	40
The basic maintenance time of machines in factory 4.
(Where columns denote machines: 1 to 3.)
32	31	32
The basic maintenance time of machines in factory 5.
(Where columns denote machines: 1 to 2.)
20	25

The deterioration rate of machines in factory 1.
(Where columns denote machines: 1 to 1.)
0.9
The deterioration rate of machines in factory 2.
(Where columns denote machines: 1 to 2.)
1	0.6
The deterioration rate of machines in factory 3.
(Where columns denote machines: 1 to 2.)
0.7	1
The deterioration rate of machines in factory 4.
(Where columns denote machines: 1 to 3.)
0.6	0.6	0.8
The deterioration rate of machines in factory 5.
(Where columns denote machines: 1 to 2.)
0.8	0.6

Maximum health value of machines in factory 1.
(Where columns denote machines: 1 to 1.)
45
Maximum health value of machines in factory 2.
(Where columns denote machines: 1 to 2.)
42	39
Maximum health value of machines in factory 3.
(Where columns denote machines: 1 to 2.)
42	36
Maximum health value of machines in factory 4.
(Where columns denote machines: 1 to 3.)
42	33	30
Maximum health value of machines in factory 5.
(Where columns denote machines: 1 to 2.)
33	36

Maintenance efficiency of workers on machines of factory 1.
(Where rows denote workers: 1 to 3 and columns denote machines: 1 to 1.)
1.3
0.8
0.7
Maintenance efficiency of workers on machines of factory 2.
(Where rows denote workers: 1 to 3 and columns denote machines: 1 to 2.)
1.1	1.5
1.4	1
1.4	1.1
Maintenance efficiency of workers on machines of factory 3.
(Where rows denote workers: 1 to 3 and columns denote machines: 1 to 2.)
1.3	1.4
0.9	1.4
0.8	1.2
Maintenance efficiency of workers on machines of factory 4.
(Where rows denote workers: 1 to 3 and columns denote machines: 1 to 3.)
0.7	0.8	1.4
1	1.4	1
1.3	1.1	0.9
Maintenance efficiency of workers on machines of factory 5.
(Where rows denote workers: 1 to 3 and columns denote machines: 1 to 2.)
1	1.5
1.2	1.3
0.9	1.4

Unit salary of pay model 1.
(Where columns denote workers: 1 to 3.)
1.7	1.6	1.7
Unit salary of pay model 2.
(Where columns denote workers: 1 to 3.)
70	85	68

