The number of factories:
3

The total number of machines:
10

The number of workers:
3

The number of jobs:
150

Transfer time between different factories:
(Where rows denote factories: 1 to 3 and columns denote factories: 1 to 3.)
0	7	18
7	0	12
18	12	0

The energy consumption cost of machines in factory 1.
(Where columns denote machines: 1 to 4.)
4.8	2.9	4.9	3.7
The energy consumption cost of machines in factory 2.
(Where columns denote machines: 1 to 2.)
4.8	2.7
The energy consumption cost of machines in factory 3.
(Where columns denote machines: 1 to 4.)
2.4	3.6	3.8	4.3

The processing time of jobs on different machines of factory 1.
(Where rows denote machines: 1 to 4 and columns denote jobs: 1 to 150.)
28	16	29	15	22	22	27	14	21	22	12	27	22	18	24	23	23	28	26	14	29	30	24	20	13	23	22	25	30	17	18	14	22	19	11	30	13	27	27	30	17	19	24	14	20	19	28	30	17	27	12	27	16	16	12	25	22	17	18	20	11	27	25	13	20	24	13	12	13	30	26	16	11	13	29	23	14	17	14	21	11	28	16	17	17	23	29	10	15	18	24	25	17	14	25	15	29	24	19	10	27	21	12	26	30	20	20	14	25	25	19	11	17	11	20	18	30	18	26	13	10	24	24	10	19	19	26	27	10	28	25	30	20	19	16	22	25	14	22	27	10	14	18	22	13	11	25	15	27	20
16	28	15	11	11	24	20	21	12	11	29	14	25	12	24	15	11	27	23	22	12	26	22	13	18	27	21	17	14	11	21	14	12	27	27	22	21	16	28	17	14	16	20	25	13	27	24	14	20	20	13	25	29	21	21	30	14	25	26	22	15	24	10	23	11	20	12	15	16	30	12	14	25	12	26	15	13	29	15	25	19	19	29	29	11	16	10	20	30	28	20	19	24	12	20	25	18	18	27	26	19	23	26	30	13	10	30	13	20	25	30	30	19	23	13	28	17	11	15	14	30	28	28	15	17	13	18	22	18	30	17	12	12	16	23	23	22	19	18	22	13	27	23	26	19	19	29	12	17	18
30	11	12	30	19	14	26	16	19	11	25	19	23	16	22	18	22	14	15	25	20	10	30	13	17	30	11	26	19	14	12	27	12	16	24	23	17	27	18	16	15	12	24	27	26	28	30	29	25	13	14	22	14	28	28	14	18	21	25	26	28	25	29	12	28	19	12	10	28	16	27	12	25	17	19	30	24	16	26	20	27	28	15	12	20	10	28	29	19	11	27	14	14	13	16	10	25	29	17	23	17	17	11	11	12	14	13	19	28	12	19	25	27	15	18	29	14	16	11	26	11	28	12	14	22	25	10	15	21	21	30	22	10	26	12	25	24	25	25	30	19	21	20	26	16	22	25	13	26	30
25	21	25	21	23	28	30	17	24	10	10	18	29	25	10	29	21	18	29	27	16	18	27	20	10	29	28	13	24	18	20	29	17	21	30	10	19	19	28	13	19	11	21	10	26	27	15	11	30	13	28	29	23	14	26	30	23	11	12	14	11	24	23	20	11	15	27	15	26	12	29	22	28	24	18	19	13	27	14	15	23	14	19	13	16	11	26	21	27	13	20	12	19	20	14	16	24	27	20	23	24	17	11	20	19	13	15	12	11	10	24	25	17	19	22	23	25	23	21	25	15	22	23	13	12	30	30	25	15	12	19	22	10	15	27	30	16	21	28	29	15	12	27	11	22	30	14	20	11	19
The processing time of jobs on different machines of factory 2.
(Where rows denote machines: 1 to 2 and columns denote jobs: 1 to 150.)
17	21	22	16	24	15	20	21	25	27	20	19	30	13	21	26	12	25	23	18	21	23	25	28	28	27	11	14	10	14	27	10	12	18	19	15	15	24	21	30	29	14	18	22	16	20	25	11	25	27	22	15	21	13	15	20	13	26	26	17	24	26	10	18	30	17	11	15	26	28	17	16	10	16	23	26	11	15	20	24	22	28	19	18	11	14	23	18	25	20	26	21	26	14	19	21	16	19	24	10	14	26	17	27	17	19	16	15	26	16	29	26	16	14	19	20	20	30	10	16	29	11	21	18	18	15	27	30	11	28	17	11	15	27	22	27	23	12	15	15	27	24	16	11	28	16	25	10	27	18
18	13	18	21	23	11	24	20	20	27	28	24	19	23	26	18	19	12	15	18	14	26	22	17	10	18	18	25	16	21	10	14	16	17	15	13	13	20	21	16	29	29	12	18	15	28	12	20	10	27	26	18	13	28	10	27	24	24	21	21	15	14	30	28	11	26	22	20	29	20	18	26	13	13	20	19	26	28	23	16	19	18	27	11	19	20	30	26	15	26	23	26	26	29	16	20	11	29	16	20	19	11	16	23	22	21	16	16	14	17	12	21	22	23	10	18	18	15	20	10	10	28	16	30	16	25	10	29	10	16	26	29	22	10	22	28	17	23	19	30	15	16	29	20	19	26	22	12	26	11
The processing time of jobs on different machines of factory 3.
(Where rows denote machines: 1 to 4 and columns denote jobs: 1 to 150.)
27	11	26	17	25	16	15	23	25	16	22	23	14	14	19	14	20	11	15	16	14	26	10	24	30	29	14	27	12	19	23	27	27	15	30	28	13	22	24	19	23	30	20	13	21	25	17	29	22	17	16	28	25	29	17	24	17	12	30	19	22	30	18	16	16	23	23	12	27	28	17	10	14	22	15	13	24	21	26	14	12	16	27	21	22	10	22	21	14	28	20	15	11	29	22	11	22	10	23	15	20	26	28	15	28	14	29	17	20	27	23	29	28	19	23	18	28	18	26	23	23	28	25	27	12	29	23	18	22	24	28	14	26	26	24	11	28	28	11	10	19	20	12	14	13	16	26	13	26	13
21	28	23	14	30	20	25	20	25	28	25	11	16	14	23	13	17	26	30	13	24	10	26	10	22	15	11	22	10	20	26	16	29	12	23	25	21	11	22	12	13	14	15	11	15	18	24	13	17	30	30	30	17	22	28	13	29	20	19	13	17	18	13	23	14	10	12	24	19	28	18	20	12	19	30	21	30	30	10	28	30	24	13	20	21	10	16	29	30	12	14	23	21	27	22	22	25	24	13	23	24	19	26	13	10	23	11	30	21	12	20	18	15	25	13	14	24	13	10	24	14	30	26	29	10	22	14	18	15	28	24	11	14	21	24	21	22	13	16	19	27	24	12	28	28	22	11	15	25	27
24	15	17	27	23	14	17	26	26	25	27	11	11	29	19	14	17	21	19	20	10	18	27	16	27	16	12	13	22	27	20	19	16	30	20	29	12	19	30	28	25	23	17	22	22	12	26	28	26	25	24	17	19	15	16	13	26	24	14	12	18	25	27	17	19	25	15	26	28	22	10	18	11	17	13	19	12	14	24	28	10	13	16	23	23	21	23	13	10	17	22	27	30	17	29	11	16	14	12	17	13	16	26	14	18	10	24	25	11	23	22	13	28	19	10	13	20	10	25	29	23	16	11	20	16	24	20	12	18	28	28	30	10	16	13	15	15	21	23	30	14	17	10	14	21	17	27	12	14	14
12	14	14	29	12	23	30	18	16	18	24	21	11	18	19	24	29	17	26	14	12	13	24	18	11	12	25	28	13	25	18	10	17	16	28	20	23	16	21	11	29	10	28	20	14	20	28	18	14	11	15	26	21	29	24	16	11	27	14	29	16	17	30	24	11	21	17	10	29	23	21	12	11	13	18	16	13	30	19	25	10	14	25	21	22	25	15	13	23	25	22	11	25	21	22	18	18	19	29	16	19	26	21	17	22	14	19	20	16	25	21	29	21	22	13	27	25	30	22	18	15	30	17	25	20	11	10	13	23	22	30	22	25	20	28	23	26	13	21	26	22	25	18	10	27	19	15	28	21	20

The basic maintenance time of machines in factory 1.
(Where columns denote machines: 1 to 4.)
37	35	38	39
The basic maintenance time of machines in factory 2.
(Where columns denote machines: 1 to 2.)
36	34
The basic maintenance time of machines in factory 3.
(Where columns denote machines: 1 to 4.)
34	32	35	29

The deterioration rate of machines in factory 1.
(Where columns denote machines: 1 to 4.)
0.6	0.6	0.8	0.7
The deterioration rate of machines in factory 2.
(Where columns denote machines: 1 to 2.)
0.8	0.5
The deterioration rate of machines in factory 3.
(Where columns denote machines: 1 to 4.)
0.9	0.6	0.8	0.9

Maximum health value of machines in factory 1.
(Where columns denote machines: 1 to 4.)
40.5	27	32.4	27
Maximum health value of machines in factory 2.
(Where columns denote machines: 1 to 2.)
32.4	29.7
Maximum health value of machines in factory 3.
(Where columns denote machines: 1 to 4.)
32.4	27	32.4	40.5

Maintenance efficiency of workers on machines of factory 1.
(Where rows denote workers: 1 to 3 and columns denote machines: 1 to 4.)
1.5	0.9	1.2	1.5
1.1	1.5	1.2	1.4
1.4	1.2	1.5	1.1
Maintenance efficiency of workers on machines of factory 2.
(Where rows denote workers: 1 to 3 and columns denote machines: 1 to 2.)
1.5	1.2
1.5	1.3
0.7	0.7
Maintenance efficiency of workers on machines of factory 3.
(Where rows denote workers: 1 to 3 and columns denote machines: 1 to 4.)
1	0.9	1	0.9
0.9	1.4	1	1.4
1	1.2	0.8	0.7

Unit salary of pay model 1.
(Where columns denote workers: 1 to 3.)
1.7	1.7	1.9
Unit salary of pay model 2.
(Where columns denote workers: 1 to 3.)
83	96	58

